BLACK

    A   B   C   D   E   F   G   H
  __________________________________
 |                                  |
8|  0   1   2   3   4   5   6   7   |8
 |                                  |
7|  8   9   10  11  12  13  14  15  |7
 |                                  |
6|  16  17  18  19  20  21  22  23  |6
 |                                  |
5|  24  25  26  27  28  29  30  31  |5
 |                                  |
4|  32  33  34  35  36  37  38  39  |4
 |                                  |
3|  40  41  42  43  44  45  46  47  |3
 |                                  |
2|  48  49  50  51  52  53  54  55  |2
 |                                  |
1|  56  57  58  59  60  61  62  63  |1
  __________________________________
    A   B   C   D   E   F   G   H

WHITE

think of the movement as differences in axles

going from 2,2 to 1,1 is difference |1|,|1|
going from 2,2 to 3,1 is difference |1|,|1|


White
8

7

6

5

4

3

2

1

